1---------------
0.81
0.79
0.80
0.81
0.81
0.80
0.82
0.82
0.81
0.81
2---------------
0.89
0.84
1.04
1.13
0.86
0.87
0.85
0.83
0.85
0.85
3---------------
1.28
1.28
1.51
1.51
1.32
1.29
1.29
1.31
1.35
1.35
4---------------
1.69
1.71
1.69
1.69
1.68
1.66
1.73
1.72
1.70
1.69
5---------------
2.39
2.23
2.17
2.14
2.13
2.12
2.11
2.53
2.49
2.38
6---------------
2.72
2.77
2.55
2.52
2.53
2.51
2.53
2.49
2.48
2.51
7---------------
2.96
2.93
2.92
2.95
2.92
2.96
2.94
2.96
2.95
2.92
8---------------
3.34
3.38
3.64
3.36
3.39
3.37
3.38
3.37
3.35
3.44
9---------------
3.81
4.19
4.34
4.51
4.16
3.76
3.84
4.45
5.10
4.47
10---------------
6.47
5.69
4.72
4.98
5.51
4.84
4.36
4.26
4.44
4.25
11---------------
4.64
4.80
6.37
4.97
5.04
4.86
4.82
5.47
5.00
4.81
12---------------
5.17
5.28
5.20
5.20
5.09
5.15
5.18
5.10
5.94
6.37
13---------------
5.54
6.72
5.90
5.54
6.60
5.63
5.57
5.57
6.17
6.75
14---------------
6.69
6.90
7.02
6.83
6.44
6.56
7.30
6.40
6.70
6.79
15---------------
6.96
6.98
7.91
7.23
6.77
6.73
6.46
6.43
6.42
7.26
16---------------
7.08
6.81
7.20
7.58
9.04
10.23
7.06
7.41
8.05
8.07
17---------------
8.38
