1---------------
0.90
1.10
1.06
2---------------
1.79
1.73
1.73
3---------------
2.65
2.51
2.74
4---------------
3.51
3.45
3.48
5---------------
4.42
4.83
5.55
6---------------
10.68
8.89
12.16
7---------------
7.33
7.92
13.45
8---------------
10.01
7.73
7.17
9---------------
15.95
13.65
7.34
10---------------
8.24
8.12
8.15
11---------------
8.95
9.74
9.48
12---------------
9.90
9.96
10.53
13---------------
11.05
11.12
10.87
14---------------
11.84
11.86
11.71
15---------------
12.56
12.46
12.50
16---------------
13.34
13.58
13.56
17---------------
14.41
14.31
14.26
18---------------
15.11
15.21
15.15
19---------------
15.95
